8801610010059
8801610010326
8801610010390
8801610010538
8801610010740
8801610010774
8801610010817
8801610010866
8801610010954
8801610011021
8801610011853
8801610012263
8801610012391
8801610012909
8801610013635
8801610013731
8801610013809
8801610014209
8801610014317
8801610015038
8801610015110
8801610015892
8801610016239
8801610016642
8801610016709
8801610016875
8801610017109
8801610017153
8801610017441
8801610017834
8801610018387
8801610018604
8801610019469
8801610019560
8801610020092
8801610020243
8801610020357
8801610020515
8801610020677
8801610020849
8801610021489
8801610021601
8801610021902
8801610022064
8801610022418
8801610022478
8801610022678
8801610022801
8801610022871
8801610024216
8801610024241
8801610024314
8801610024407
8801610025178
8801610025377
8801610025592
8801610025668
8801610026568
8801610027194
8801610027201
8801610027273
8801610027521
8801610027535
8801610027580
8801610027844
8801610027865
8801610028214
8801610028520
8801610028784
8801610028987
8801610029046
8801610029115
8801610029903
8801610029982
8801610030132
8801610030491
8801610030742
8801610030956
8801610030993
8801610031198
8801610031210
8801610031393
8801610031397
8801610031507
8801610031535
8801610031554
8801610031647
8801610031806
8801610031828
8801610031861
8801610032115
8801610032226
8801610032252
8801610032466
8801710000449
8801710000620
8801710000740
8801710000796
8801710000899
8801710000964
8801710000994
8801710001314
8801710001551
8801710001781
8801710001844
8801710001928
8801710002396
8801710003209
8801710003390
8801710003459
8801710003751
8801710004239
8801710004241
8801710004551
8801710004655
8801710004780
8801710004822
8801710004886
8801710005007
8801710005008
8801710005170
8801710005264
8801710005847
8801710006168
8801710006586
8801710006659
8801710006673
8801710006799
8801710007207
8801710007667
8801710007785
8801710007854
8801710007875
8801710007881
8801710008007
8801710008249
8801710008278
8801710008319
8801710008540
8801710008580
8801710009285
8801710009301
8801710009839
8801710010048
8801710010088
8801710010283
8801710010627
8801710011267
8801710011292
8801710011665
8801710011781
8801710011787
8801710011904
8801710012164
8801710012236
8801710012390
8801710012525
8801710013073
8801710013343
8801710013898
8801710014555
8801710014678
8801710014682
8801710014904
8801710014929
8801710015008
8801710015015
8801710015065
8801710015191
8801710015269
8801710015622
8801710015746
8801710016030
8801710016073
8801710016282
8801710016400
8801710016412
8801710016493
8801710016574
8801710017895
8801710018034
8801710018218
8801710018342
8801710018528
8801710018675
8801710018981
8801710019352
8801710019499
8801710019639
8801710019852
8801710020150
8801710020287
8801710020961
8801710021449
8801710022189
8801710022476
8801710022758
8801710022996
8801710023360
8801710024025
8801710024733
8801710024821
8801710025474
8801710025673
8801710025946
8801710026002
8801710026219
8801710026454
8801710027597
8801710027617
8801710027715
8801710027817
8801710027935
8801710027973
8801710028111
8801710028227
8801710028479
8801710028881
8801710028927
8801710029641
8801710029803
8801710029846
8801710030045
8801710030302
8801710030793
8801710031126
8801710031423
8801710031614
8801710031624
8801710031913
8801710031983
8801710032245
8801710032435
8801710032470
8801710032640
8801710032667
8801810000199
8801810000356
8801810000647
8801810000752
8801810000819
8801810001024
8801810001044
8801810001168
8801810001546
8801810001898
8801810001935
8801810002130
8801810002244
8801810002508
8801810002631
8801810002758
8801810003201
8801810003255
8801810003349
8801810003509
8801810003714
8801810004888
8801810005515
8801810005537
8801810005784
8801810006061
8801810006067
8801810006439
8801810006707
8801810006735
8801810006761
8801810007481
8801810007871
8801810008624
8801810008928
8801810009123
8801810009761
8801810010034
8801810010242
8801810010285
8801810010420
8801810010947
8801810011163
8801810011199
8801810011320
8801810011732
8801810011764
8801810011788
8801810012481
8801810012622
8801810012805
8801810013098
8801810013864
8801810013892
8801810013972
8801810014615
8801810014662
8801810014670
8801810015201
8801810015386
8801810015668
8801810015740
8801810015979
8801810016191
8801810016247
8801810016517
8801810016705
8801810016938
8801810017067
8801810017702
8801810017763
8801810018430
8801810018485
8801810018560
8801810018688
8801810018839
8801810018989
8801810019369
8801810020253
8801810020406
8801810020425
8801810020797
8801810020915
8801810021186
8801810021581
8801810021608
8801810022340
8801810022374
8801810023265
8801810023662
8801810023761
8801810023884
8801810024123
8801810024140
8801810024714
8801810025376
8801810025613
8801810025728
8801810026337
8801810026705
8801810026722
8801810026749
8801810026865
8801810026919
8801810027044
8801810027324
8801810027607
8801810027815
8801810027816
8801810028207
8801810028292
8801810028536
8801810028876
8801810029789
8801810029793
8801810029914
8801810030183
8801810030329
8801810030675
8801810030830
8801810030960
8801810031446
8801810031714
8801810032162
8801810032201
8801810032700
8801910000073
8801910000171
8801910000225
8801910000640
8801910000794
8801910001130
8801910001327
8801910001357
8801910001568
8801910001670
8801910002046
8801910002131
8801910002174
8801910002322
8801910002537
8801910002558
8801910002575
8801910002642
8801910002783
8801910002888
8801910003118
8801910003559
8801910003790
8801910004244
8801910004274
8801910004443
8801910004485
8801910004990
8801910005001
8801910005540
8801910005607
8801910005856
8801910005959
8801910005970
8801910006371
8801910006889
8801910006893
8801910007269
8801910007389
8801910007410
8801910007953
8801910008513
8801910008531
8801910008669
8801910008732
8801910008823
8801910008921
8801910009060
8801910009238
8801910009271
8801910009641
8801910009774
8801910010188
8801910010299
8801910010831
8801910010902
8801910011258
8801910011670
8801910011740
8801910011869
8801910012139
8801910012404
8801910012410
8801910012434
8801910012600
8801910012668
8801910013064
8801910013130
8801910013681
8801910013701
8801910013756
8801910013936
8801910014148
8801910014258
8801910014476
8801910014513
8801910014544
8801910014555
8801910014719
8801910015050
8801910015186
8801910015508
8801910015679
8801910015846
8801910016155
8801910016632
8801910016676
8801910017144
8801910017725
8801910018246
8801910019267
8801910019270
8801910019284
8801910019798
8801910019945
8801910019946
8801910020104
8801910020398
8801910020432
8801910020811
8801910020867
8801910021228
8801910021295
8801910021517
8801910021709
8801910021887
8801910022074
8801910022200
8801910022410
8801910023437
8801910023512
8801910024017
8801910024578
8801910024776
8801910024940
8801910025146
8801910025185
8801910025697
8801910025995
8801910026566
8801910026573
8801910026855
8801910027124
8801910027254
8801910027725
8801910027731
8801910027845
8801910028290
8801910028442
8801910028777
8801910028840
8801910028848
8801910030016
8801910030329
8801910030564
8801910030776
8801910031287
8801910031357
8801910031370
8801910031478
8801910031644
8801910031915
8801910031925
8801910031938
8801910031986
8801910032196
8801310000142
8801310000264
8801310000433
8801310001261
8801310001367
8801310001400
8801310001435
8801310001556
8801310001569
8801310001611
8801310001720
8801310001931
8801310003131
8801310003189
8801310003616
8801310003790
8801310003949
8801310004585
8801310004751
8801310004833
8801310004856
8801310005131
8801310005137
8801310005225
8801310005371
8801310005738
8801310005812
8801310005900
8801310005972
8801310005981
8801310006176
8801310006210
8801310006616
8801310006865
8801310007004
8801310007542
8801310007905
8801310008349
8801310008798
8801310009006
8801310009078
8801310009138
8801310009204
8801310009511
8801310010199
8801310010218
8801310010417
8801310010513
8801310010933
8801310011185
8801310011388
8801310011866
8801310012271
8801310012896
8801310012977
8801310013190
8801310013259
8801310013288
8801310013544
8801310013578
8801310014056
8801310014376
8801310014575
8801310014991
8801310015005
8801310015127
8801310015718
8801310016124
8801310016324
8801310016326
8801310016397
8801310016531
8801310016710
8801310016787
8801310017180
8801310017597
8801310017847
8801310017855
8801310018273
8801310018301
8801310018308
8801310018648
8801310018692
8801310018894
8801310019052
8801310019354
8801310019692
8801310019701
8801310019746
8801310019779
8801310019824
8801310020317
8801310020479
8801310021227
8801310021392
8801310021697
8801310021838
8801310022129
8801310022192
8801310022194
8801310022474
8801310022599
8801310022900
8801310023132
8801310023563
8801310024045
8801310024301
8801310024505
8801310025053
8801310025243
8801310025336
8801310025846
8801310025932
8801310026111
8801310026192
8801310026413
8801310026619
8801310026818
8801310026840
8801310027047
8801310027193
8801310027251
8801310027561
8801310027562
8801310027820
8801310028008
8801310028052
8801310028102
8801310028192
8801310028611
8801310028804
8801310028858
8801310028955
8801310029410
8801310030077
8801310030227
8801310030396
8801310030400
8801310030409
8801310030452
8801310030456
8801310030515
8801310030660
8801310030948
8801310031031
8801310031606
8801310031608
8801310031707
8801310031743
8801310032089
8801310032111
8801310032117
8801310032205
8801310032352
8801310032522
8801410000131
8801410000776
8801410000788
8801410000794
8801410000884
8801410001139
8801410001148
8801410001753
8801410001876
8801410002179
8801410002188
8801410002430
8801410002512
8801410002960
8801410003359
8801410003516
8801410003647
8801410003736
8801410004598
8801410004881
8801410005132
8801410005143
8801410005190
8801410005425
8801410005652
8801410005767
8801410005895
8801410006843
8801410006980
8801410007459
8801410007482
8801410007492
8801410007709
8801410007807
8801410008003
8801410008193
8801410008308
8801410008364
8801410008449
8801410008502
8801410008673
8801410008692
8801410008741
8801410008828
8801410008956
8801410009076
8801410009104
8801410009520
8801410009781
8801410010093
8801410010244
8801410010791
8801410010931
8801410010939
8801410011324
8801410011356
8801410011760
8801410011805
8801410011958
8801410012152
8801410012658
8801410012983
8801410013180
8801410013349
8801410013675
8801410013871
8801410013935
8801410014244
8801410014574
8801410014677
8801410014969
8801410015409
8801410015449
8801410016109
8801410016285
8801410016566
8801410016599
8801410016752
8801410017043
8801410017387
8801410017436
8801410017621
8801410017710
8801410017929
8801410018076
8801410018101
8801410018207
8801410018248
8801410018301
8801410018330
8801410018844
8801410019147
8801410019395
8801410019542
8801410019784
8801410019846
8801410019981
8801410021799
8801410022054
8801410022181
8801410022715
8801410022802
8801410023071
8801410023386
8801410023604
8801410023767
8801410023910
8801410023923
8801410024688
8801410025058
8801410025099
8801410025105
8801410025151
8801410025233
8801410025380
8801410025414
8801410025694
8801410026139
8801410027345
8801410027565
8801410027842
8801410027871
8801410028304
8801410028874
8801410028915
8801410029263
8801410029448
8801410029950
8801410029966
8801410030035
8801410030113
8801410030366
8801410030461
8801410030768
8801410031281
8801410031354
8801410031369
8801410031380
8801410031504
8801410031551
8801410031764
8801410031777
8801410031987
8801410032238
8801510000184
8801510000206
8801510000471
8801510000594
8801510000842
8801510001079
8801510001147
8801510001341
8801510001385
8801510002023
8801510002266
8801510003303
8801510003387
8801510003506
8801510003644
8801510003818
8801510004149
8801510004669
8801510005325
8801510005618
8801510005673
8801510005729
8801510005837
8801510006029
8801510006088
8801510006192
8801510006561
8801510006720
8801510007066
8801510007072
8801510007614
8801510007651
8801510007697
8801510008515
8801510008784
8801510008908
8801510009053
8801510009093
8801510009585
8801510009642
8801510009791
8801510009933
8801510010678
8801510010727
8801510010754
8801510010975
8801510011095
8801510011333
8801510011779
8801510011976
8801510012270
8801510012430
8801510012691
8801510012723
8801510013124
8801510013167
8801510013409
8801510013871
8801510014138
8801510014322
8801510014819
8801510015610
8801510015715
8801510015752
8801510015857
8801510015901
8801510015981
8801510016050
8801510016424
8801510016483
8801510016615
8801510016617
8801510016868
8801510017068
8801510017501
8801510017638
8801510017735
8801510017825
8801510017947
8801510018044
8801510018302
8801510018371
8801510018401
8801510018447
8801510018624
8801510019216
8801510019316
8801510019527
8801510019553
8801510019617
8801510019675
8801510020209
8801510020418
8801510020545
8801510020731
8801510020784
8801510020897
8801510021114
8801510021500
8801510021736
8801510022446
8801510023220
8801510023405
8801510023543
8801510023624
8801510023841
8801510024417
8801510025705
8801510025972
8801510026007
8801510026109
8801510026677
8801510026915
8801510026968
8801510026995
8801510027156
8801510027172
8801510027252
8801510027421
8801510027473
8801510027619
8801510028348
8801510028359
8801510028695
8801510028717
8801510029481
8801510030017
8801510030050
8801510030247
8801510030544
8801510030593
8801510030788
8801510030791
8801510031230
8801510031279
8801510031381
8801510031643
8801510031800
8801510031909
8801510031992
8801510032083
8801510032112
8801510032334
8801510032376
8801610000054
8801610000359
8801610000753
8801610000983
8801610001221
8801610001281
8801610001466
8801610001490
8801610001553
8801610002001
8801610002090
8801610002367
8801610002813
8801610003125
8801610003260
8801610003456
8801610003535
8801610004072
8801610004363
8801610004652
8801610004668
8801610004722
8801610004794
8801610005129
8801610005217
8801610005348
8801610005661
8801610005929
8801610006038
8801610006151
8801610006414
8801610006553
8801610006640
8801610006811
8801610006893
8801610006906
8801610007058
8801610007102
8801610007148
8801610007237
8801610007602
8801610007796
8801610008006
8801610008294
8801610008433
8801610008767
8801610009476
8801610009640
8801610009786880192512889545
880139229259569
880193659846434
880144435890010
880138545863868
880177050366180
880139641776506
880182904418309
880166563350252
880195011017808
880148847590886
880185275043883
880170378170338
880194563123366
880134479437056
880139192108208
880138105108284
880182778156888
880159110575904
880164599759843
880191725560895
880133545601879
880176265270232
880185505208227
880176643688117
880132325261689
880157530413190
880191984068764
880141269871985
880191571150193
880130297936994
880148336010851
880140351718040
880185815447374
880185621444241
880143089199937
880169102601595
880182316625305
880157336711998
880145383292019
880186662029388
880149876962308
880170899173513
880179843039893
880142226353501
880173572483011
880144467581215
880178218414227
880154503018161
880197299490663
880176025621569
880188104371981
880166235176635
880158660924158
880138585199144
880144351663715
880130718550238
880143465152108
880138713544982
880142055995108
880139109970434
880135387458535
880180524952467
880164206398236
880154548517535
880150188338008
880131864273078
880190996093067
880187121903685
880182058133352
880134140087285
880185825267817
880179103184037
880165566167643
880179095673245
880198229722088
880197126175534
880148256078269
880176564094521
880174603070012
880159191183222
880151781973325
880156034734903
880166266433492
880186461747355
880177228339322
880197461646522
880196799890583
880130233670113
880150209155186
880148201219466
880160607801043
880178179957827
880159676949721
880163727161410
880170820328860
880163132036319
880158083759942
880166211403251
880180292292465
880143762569434
880182197305887
880139494193245
880185725191516
880149992665928
880181574194506
880199002568421
880169139168524
880199173907351
880139718330500
880142495687893
880139443095460
880137217735770
880166456232194
880157735418838
880165766396881
880148113747933
880177579003682
880181014780902
880163583314012
880153246695641
880155725453983
880171415682331
880192524401713
880169561682429
880154554660083
880180212041473
880175804683861
880176653291830
880191843495771
880193857766247
880164603632129
880154266693683
880152507852018
880161054408391
880175816973364
880137357843977
880134970712767
880138268560543
880186507315780
880146522376821
880171122100091
880132841929357
880164070445840
880165470870070
880198686372536
880162181161823
880167254303615
880196768403891
880194268336942
880181113812626
880162721509955
880181355266941
880165219427946
880179932034138
880143436305312
880153258742437
880152413307102
880147445798308
880142262248229
880174242199835
880193728246324
880180271698771
880170749744537
880198473608901
880173032522491
880152225635819
880133422661746
880195048815904
880134019540948
880158220864040
880156671083953
880157303219820
880192457537149
880186976168763
880138671504607
880140986490787
880154375676088
880137861150668
880170986914390
880158000482146
880173190018326
880192421636134
880181835430442
880178498675225
880154430525804
880189829509103
880170282048041
880135934451776
880152190781845
880165931492878
880183963774686
880184350101110
880189366507183
880198315769057
880181856514303
880179420221535
880131295868720
880165404608991
880175037918903
880135917410978
880194489619759
880171786095468
880135358595770
880180769034243
880154755355058
880176365808142
880184340089292
880177072025098
880167319037242
880187436549454
880199947580959
880134571774396
880184010786443
880166338880164
880183575995336
880156551433900
880183115170077
880157518731867
880142501818419
880131190987358
880134324230958
880130543340553
880154022315588
880173153416465
880150191290382
880167234336282
880157617703768
880149775949756
880156591700329
880157541037588
880159461270447
880178078251856
880138539898079
880180583634018
880144749159592
880157102013541
880195859706602
880134014621440
880143869671333
880146145085053
880195338465450
880149617292598
880133719387447
880191812783044
880191809883303
880130303144530
880196909138692
880198596241345
880156753896099
880143922441836
880151432477578
880194306927090
880138654537953
880176625105110
880162383578451
880142851564359
880140594159458
880180984148476
880147533542799
880168694512211
880164623435798
880176300542252
880162367260091
880172452304078
880163616008870
880174178311762
880195020017213
880160832220267
880153548087099
880172437791519
880196473074630
880187957628633
880141762004517
880186677251908
880144882177994
880149568160173
880176937520683
880155044150227
880193422425448
880143904713577
880186330534317
880192333577484
880175675531221
880164680446746
880168230165313
880146477139434
880173152406383
880174516955145
880168993175313
880136525699611
880135493245892
880138013209439
880173056631895
880138599095682
880139249560359
880180713379431
880149120648488
880132326714617
880169397973479
880196895409618
880182065262886
880134409841113
880150774169752
880192912819060
880167770377782
880138981771349
880152285742898
880152052924000
880191808944917
880139334150591
880189907820452
880177951697551
880165148686763
880143558134047
880173946820965
880159893870782
880152990259434
880188476474657
880170350805254
880147590275911
880184500147915
880139248801819
880180065422226
880167694659808
880153714163055
880140344918538
880162765729254
880160877695479
880141618750302
880138032310050
880155734521325
880136751336770
880174624582687
880168883050792
880162319418868
880159255147998
880145805932018
880147625069658
880164872822310
880193849952992
880191505853327
880196813478879
880130708077467
880188165470486
880180535105723
880150385700649
880147404682269
880146260059011
880169086286906
880174432873005
880164713216745
880179482620110
880138694321003
880188456993458
880177523414474
880162123632687
880166753662113
880173628525729
880152976199169
880130198305500
880137113127933
880144602808990
880155488531150
880144766362020
880189425522970
880131725014708
880145019851048
880168724465370
880167314696747
880147778251030
880170588639149
880144983383470
880149267318012
880163458830420
880142233204604
880174262663231
880147427652279
880160389505842
880174282061209
880167009380980
880139876986240
880172838778931
880196935683105
880184997634908
880176318954745
880136941605998
880185148368450
880166152318091
880177296030749
880152095253373
880157131637468
880179598859021
880180310895583
880197801325212
880146928183176
880170649448132
880196123641360
880184917021081
880179139274325
880155540553637
880171761688939
880158655447084
880133335629857
880162306361733
880199412366892
880181110664022
880168509528550
880140298719389
880173758391462
880132533370400
880173913381193
880176805830657
880175924732162
880147407595955
880159805242039
880143459479542
880176858556961
880137137051909
880167544538695
880187346020181
880194504386793
880138076503644
880167562433628
880185971056137
880136461841804
880194011056348
880188902708696
880130300757703
880151899954451
880182996123838
880135659807956
880190385265805
880149724751962
880144251379248
880175461777721
880153899268633
880152541450563
880142830452105
880154090525520
880140897011772
880152318649660
880192121551973
880195017310068
880153364708504
880193367792100
880156222859626
880135727049009
880139361077754
880135503312406
880171741216056
880196485557921
880139787055938
880142117578900
880167805785778
880186583324520
880152511513041
880149416465019
880158512918739
880154222364453
880157668815443
880163462862014
880167582177587
880198733546533
880181358590984
880176046094052
880158109370323
880140583679604
880163970721793
880160897489226
880199105307255
880157080207864
880144511055193
880142265794111
880193728546400
880177290369523
880131217443880
880156050095163
880144070238190
880175953531255
880178349920961
880157005082465
880186513822413
880151590355745
880163235437341
880180956667710
880169562279489
880146257616710
880163455722056
880199956445966
880136187746263
880154862549187
880181614516559
880181738056429
880137276336246
880173857451371
880165433957857
880150318715268
880193268680755
880197177813386
880143802559750
880171774554235
880181527098030
880136830048502
880151637003784
880157611759146
880192894948653
880168730440889
880161360901781
880190792299525
880139462332078
880183562914004
880164947194362
880177627041070
880191292455249
880184971474436
880137400117327
880168036055321
880135934760454
880142552923515
880188293530500
880160920329815
880168139573698
880193289089550
880194802779374
880135950767904
880151262646267
880151219401317
880147362963596
880158984947156
880162399911740
880131043895730
880181280241289
880165641510996
880153613793045
880170088382439
880189253820071
880151775266096
880163610466717
880147539535870
880181832656050
880169177636409
880145033558844
880146732105709
880167573417613
880178142318939
880170599054029
880158239252764
880189528666270
880194563777696
880184772214291
880144390773290
880185204135629
880130530628680
880154554890594
880134941672553
880157512881052
880193265051760
880140092427312
880178101884065
880132917796376
880195557758064
880149776112232
880196556305627
880158975227171
880138285504620
880183860776414
880134608869130
880161471423587
880145170868183
880180104772011
880196179732181
880165228063521
880191264024173
880135659865722
880190951995580
880140686587675
880170528918994
880189087253153
880150428441998
880156939227233
880197374908611
880194876079193
880198453736481
880161476712578
880131889730656
880155528881417
880196204420252
880144295549536
880198351333007
880174613827377
880174589153128
880176717536374
880185346955206
880189258250141
880136710013407
880168690223543
880192166067816
880139941492771
880177517249750
880190921252275
880152369360795
880180791370052
880168438325435
880151704573488
880183449404867
880184149739508
880136600294464
880151680675580
880159314502598
880183969045795
880195688715275
880174583540338
880158780565734
880148188006064
880144026897573
880155378006303
880140526653922
880190360256123
880138309249469
880188678670262
880151462472458
880130328803540
880174447621865
880179450521537
880162346562295
880146017747523
880152923365465
880153483677270
880178399887964
880191775583078
880188253893377
880169671788293
880152700381563
880148216818285
880166762809938
880144869537264
880173512816194
880178387100137
880131930329188
880140912890113
880149829472263
880153644082346
880184720676499
880153172169335
880131005533310
880135565573521
880195190123354
880167602141831
880195895527550
880133770349636
880130368849730
880176073162867
880186527163647
880185129911773
880198729244354
880178155999154
880156111128268
880174393263506
880162120120662
880134607269429
880194579647448
880181135723809
880170841488475
880150799824022
880184347846855
880139422378394
880185009813296
880150363047554
880156061140976
880140283542265
880140421393012
880176230550688
880148478539101
880167787680097
880174514604146
880144815080485
880195621337389
880187075366982
880156589522859
880147847646661
880134769407604
880152763517982
880171118948594
880193917989153
880194369751896
880143066229895
880147196952483
880178931464578
880153463506083
880181849283534
880155971421072
880133375199201
880161940870760
880155686694444
880165463364906
880173365586136
880198905659897
880173360057264
880166108263284
880149215709680
880199333735146
880135200992073
880144499719411
880199077986612
880187923325633
880189968076938
880158321752951
880132590571999
880166111156628
880134761856647
880162411987487
880141823314066
880191969567900
880162735462373
880187778083197
880167148258687
880171575673892
880193640330876
880180783206941
880178952962728
880182649264058
880190950003030
880166375462728
880171243312650
880138750639522
880178025937913
880180057294952
880190109479464
880182273999582
880174637154084
880194830664577
880192347609694
880144038579886
880141967258106
880183662006356
880162083757976
880137882622793
880196378734576
880170061696952
880139094142795
880174020126591
880179254405941
880194040592506
880149697805415
880182837439339
880173080792172
880132223154114
880136328490658
880159509318555
880140915100199
880132511927997
880133756415674
880191320585819
880187165625688
880196990240642
880190000545155
880169444643143
880191477345482
880170876480363
880183261392736
880192816390212
880150964459192
880142736664912
880148247715143
880189434983954
880173578880470
880186217318587
880163726115955
880134956241066
880192379054371
880135058565271
880131362810425
880147305156858
880184347770284
880140195851141
880173597501734
880131048279085
880155485710899
880141681421322
880162755659261
880176353766749
880160452304779
880160518073927
880170833343255
880178913059637
880188339933521
880162982397521
880196568743971
880186023679500
880141636648865
880132902850218
880180974133935
880144716715475
880178513822663
880142008763533
880171899541975
880160000426095
880156853153781
880158910212571
880196725339596
880175422207538
880175405077889
880166987050670
880176453694550
880137664349904
880161201711815
880140333982692
880185310324550
880130437128740
880166187329316
880155412074454
880143511330749
880178859478755
880174880189212
880167682023916
880164191567483
880162062077526
880190194480200
880151844743656
880162427342743
880180250306025
880130657514742
880185421242556
880171712705280
880175869576760
880196127927229
880145500025720
880193895567957
880133837047525
880140765785375
880186463888197
880146677021916
880162382046893
880181481313064
880134290822560
880196728187236
880162498998729
880142997116234
880179709773220
880165148716557
880171834124537
880135946971429
880149398199396
880137838785774
880179825008242
880193312284378
880153326609519
880138979000646
880171942337684
880160508067285
880162988500523
880184006691722
880186893968534
880136865947848
880190020798872
880156995418480
880147009542029
880142943789470
880169037554311
880189059337372
880157695765332
880188630967902
880141979324057
880176798104314
880183307670222
880177164130084
880176187480793
880164743613986
880176188414523
880180436894380
880179206537868
880167339581518
880196905468053
880195482392912
880138900050490
880160572615759
880190561550643
880153849777734
880177064859241
880185192899781
880173977514288
880164747704406
880145769988645
880170693076772
880178400112634
880194013474149
880152104713336
880173787351500
880153958982805
880195386391142
880172584428848
880185965571649
880161235728749
880178505171679
880176466508481
880194081607196
880168314294273
880170192187571
880165895916714
880199969688880
880152412846689
880195332761019
880169505278128
880177845121789
880136597640536
880132652369107
880132093259506
880141883879310
880169785931857
880185930454747
880181646175856
880161328622365
880136167273564
880141934147942
880131605326102
880154943969128
880181763419955
880171780392609
880162746441448
880199246391366
880146782170772
880192407453404
880137322249283
880137938076233
880137674857520
880141487701323
880158467332908
880199898132557
880189569661325
880146837863017
880152580427012
880139305909106
880192713141036
880168496224939
880162665719731
880184338170773
880141211929368
880179954326484
880135380615090
880185918537890
880151753120145
880173216523159
880176849911990
880150278245208
880161124427421
880196984140776
880185422462663
880163054294910
880163102458351
880170347053862
880169664349829
880175242186427
880156717601694
880183143281470
880189113178084
880173862671897
880188268569003
880170957878388
880168672884241
880154403486398
880197141933774
880147908406098
880162574980042
880140659349586
880136039320363
880136365019902
880131701353256
880161010842187
880175536312442
880159129355146
880146045964520
880136339072465
880151017445614
880142721944457
880148049565669
880182030777796
880156509007382
880139586436972
880158209813439
880140073260863
880198215912787
880149779293226
880179686164216
880152217695479
880189597127210
880168479025455
880188041259057
880162923383812
880156046063301
880145476102923
880189739846391
880174552126990
880134399293208
880187221072253
880190048873356
880193884679268
880196247088551
880168902552978
880133508952339
88016739058599
